1734102027015 1.630076898574829 0
1734102292668 1.2068556831359862 1
1734102558612 1.0483609833717347 2
1734102824463 0.9133253202438355 3
1734103090097 0.8137774263858795 4
1734103355304 0.7219387472629547 5
1734103618952 0.656446753692627 6
1734103882493 0.5933125802993774 7
1734104148512 0.5367683429718018 8
1734104412008 0.4803243050098419 9
1734104673539 0.43363946130275727 10
1734104936293 0.3844772812843323 11
1734105197099 0.3436171735048294 12
1734105459392 0.30378151876926424 13
1734105721266 0.2677505091428757 14
