1734102027018 0.39607296819276394 0
1734102292670 0.5636556023385701 1
1734102558614 0.6222552475541422 2
1734102824464 0.6737513811188408 3
1734103090099 0.7110489143801918 4
1734103355306 0.7453497215187381 5
1734103618953 0.7668404258154101 6
1734103882495 0.7902139054692402 7
1734104148514 0.8089952561004349 8
1734104412010 0.828920295154013 9
1734104673541 0.8453758859583297 10
1734104936295 0.86264771449739 11
1734105197101 0.8777912577576968 12
1734105459394 0.889095805044116 13
1734105721268 0.9055660909087087 14
