1733695361990 1.5909212576314664 0
1733695606865 0.98322564782426 1
1733695854880 0.7536827508633891 2
1733696102373 0.6140511063531565 3
1733696348533 0.5184766402640663 4
1733696584889 0.45046143747937567 5
1733696832011 0.38213560751642284 6
1733697078582 0.3249160214163625 7
1733697327353 0.2824675365330312 8
1733697575071 0.2569996192575263 9
1733697821980 0.21730187709053483 10
1733698057027 0.19499979239587967 11
1733698292571 0.1774007425235864 12
1733698528167 0.1501038556281751 13
1733698762344 0.13954566855328723 14
