1733850345418 0.8151106691572628 0
1733850619087 0.9196242918767319 1
1733850896997 0.9396726526249193 2
1733851181552 0.9510586662804048 3
1733851465362 0.9570884715961465 4
1733851743941 0.9638678807005221 5
1733852028398 0.9681969507799837 6
1733852312696 0.9696412509600605 7
1733852596737 0.9737003884093712 8
1733852880496 0.9745510604425903 9
1733853164328 0.9783260097237809 10
1733853444841 0.9769717591018885 11
1733853716436 0.9777523391938444 12
1733854002750 0.9818509672713933 13
1733854292174 0.9804036263157788 14
