1733623287809 0.27683044091473463 0
1733623323178 0.32137007631780024 1
1733623362374 0.3472071616236534 2
1733623403472 0.3715698203492989 3
1733623438835 0.41237216623214046 4
1733623474063 0.38758234293617455 5
1733623509693 0.41697762568269964 6
1733623546943 0.4322965339239386 7
1733623584111 0.44353265280431114 8
1733623622118 0.4624871386520167 9
1733623658273 0.4523811390288338 10
1733623692905 0.450852304134802 11
1733623728268 0.4460117657553504 12
1733623764268 0.47862780329309346 13
1733623799575 0.4597653364035309 14
