1733623287809 1.7802116376969515 0
1733623323178 1.5432382840329728 1
1733623362374 1.459693945429819 2
1733623403472 1.405525334046015 3
1733623438835 1.368357451675493 4
1733623474063 1.298434786631933 5
1733623509693 1.2518910186370011 6
1733623546943 1.209023249881042 7
1733623584111 1.162861135762061 8
1733623622118 1.1934457942652885 9
1733623658273 1.1415259183367805 10
1733623692905 1.1169368151356192 11
1733623728268 1.0867364238137784 12
1733623764268 1.0371313024969662 13
1733623799575 1.028749135906434 14
