1733623287809 37.803151909046235 0
1733623323178 48.052103453626025 1
1733623362374 51.882223069455726 2
1733623403472 54.35861092772753 3
1733623438835 56.107162849783414 4
1733623474063 58.90400611976717 5
1733623509693 61.03607787296 6
1733623546943 62.58237917939908 7
1733623584111 64.26746248583451 8
1733623622118 63.881323973021566 9
1733623658273 65.99910336070477 10
1733623692905 67.02321718129015 11
1733623728268 68.39787403210235 12
1733623764268 70.18392799758712 13
1733623799575 70.81704459741194 14
