1733630380351 1.7101551853787258 0
1733630418418 1.490886872153148 1
1733630456805 1.370478605827712 2
1733630494748 1.3246163692315827 3
1733630533734 1.2563480707385657 4
1733630574376 1.2058675337935347 5
1733630613877 1.15966303402658 6
1733630655258 1.1247739351314048 7
1733630693140 1.0910450881323241 8
1733630730725 1.0888520311135466 9
1733630768320 1.0003601047007933 10
1733630809466 1.036489274419482 11
1733630848553 0.9863367258282878 12
1733630890465 0.940526146089177 13
1733630928629 0.9370286471741583 14
