1733630380351 0.2894877742204307 0
1733630418418 0.35570762657275884 1
1733630456805 0.38786105247791197 2
1733630494748 0.3947991786436476 3
1733630533734 0.4234180621311023 4
1733630574376 0.44980143960918123 5
1733630613877 0.44699473633141046 6
1733630655258 0.44786634664521247 7
1733630693140 0.4538584829235814 8
1733630730725 0.4816275226582402 9
1733630768320 0.4973178868359747 10
1733630809466 0.478562228597805 11
1733630848553 0.49533590548933126 12
1733630890465 0.494684639238537 13
1733630928629 0.5026545258370645 14
