1733630380351 40.66287365742604 0
1733630418418 50.12102538305998 1
1733630456805 55.52855051607172 2
1733630494748 57.68864595629873 3
1733630533734 60.64953675322431 4
1733630574376 62.98233751413774 5
1733630613877 64.87366094128939 6
1733630655258 66.37490013900775 7
1733630693140 68.11678018075722 8
1733630730725 68.70323780110915 9
1733630768320 71.97685255103688 10
1733630809466 71.35281045252626 11
1733630848553 73.16237118728358 12
1733630890465 74.89268874202484 13
1733630928629 75.67883376893478 14
