1733625654142 0.30961651072442714 0
1733625687634 0.3546013401792562 1
1733625723231 0.4078157661972677 2
1733625758911 0.4047695938274106 3
1733625794007 0.4249112218354254 4
1733625829008 0.4248518610650701 5
1733625865329 0.43389340740567184 6
1733625899513 0.4506418390093503 7
1733625933765 0.4511748920209197 8
1733625969175 0.4891289599915941 9
1733626003757 0.5004430895771287 10
1733626038193 0.4806932424291878 11
1733626072770 0.513751050698728 12
1733626107341 0.4933460139565362 13
1733626141881 0.5280676880227928 14
