1733625654142 1.6857878841707468 0
1733625687634 1.461161761637539 1
1733625723231 1.3703348953705614 2
1733625758911 1.2737497290991762 3
1733625794007 1.2384692028050532 4
1733625829008 1.207515627526871 5
1733625865329 1.1097359880614464 6
1733625899513 1.1002291056048839 7
1733625933765 1.0364044147836582 8
1733625969175 1.0464945675619424 9
1733626003757 0.972055686404333 10
1733626038193 0.9368250604023409 11
1733626072770 0.965643451875433 12
1733626107341 0.9541904953358423 13
1733626141881 0.8645048332031425 14
