1733625654142 41.59162715677998 0
1733625687634 52.073540519652745 1
1733625723231 55.856131911586274 2
1733625758911 59.673373150301586 3
1733625794007 61.48439493163999 4
1733625829008 62.985578781810496 5
1733625865329 67.32436870625237 6
1733625899513 67.93680825591666 7
1733625933765 70.46316220057719 8
1733625969175 70.44707594112626 9
1733626003757 73.79969405060855 10
1733626038193 75.22296609848773 11
1733626072770 74.31405892743601 12
1733626107341 75.05940116410083 13
1733626141881 78.76911445523268 14
