1733675145736 1.2708309929643926 0
1733675212155 0.9090504877016625 1
1733675279117 0.763559151576714 2
1733675344856 0.6549537808217838 3
1733675411041 0.5660645394316104 4
1733675477679 0.4836417877819015 5
1733675548614 0.41036664025759134 6
1733675616528 0.34398273853865174 7
1733675682678 0.28031597663043634 8
1733675749801 0.22759173075672684 9
1733675816318 0.17950565146040398 10
1733675883786 0.14437853293976033 11
1733675951631 0.11360744963342267 12
1733676017816 0.09249341621296629 13
1733676091707 0.0773693396467346 14
