1733675145736 0.543174439598409 0
1733675212155 0.6789396342963575 1
1733675279117 0.732133792138305 2
1733675344856 0.7703832226402598 3
1733675411041 0.8027301840976134 4
1733675477679 0.8311914101620721 5
1733675548614 0.856780667786691 6
1733675616528 0.8798767868988552 7
1733675682678 0.9032290743505053 8
1733675749801 0.9220295718499497 9
1733675816318 0.938134018265668 10
1733675883786 0.9509912599762862 11
1733675951631 0.9616854547317598 12
1733676017816 0.9686262502809189 13
1733676091707 0.9737640068856427 14
