1733618136595 1.4775412957686598 0
1733618170774 1.1480664374578335 1
1733618204716 1.000929749377853 2
1733618238767 0.8948006492746455 3
1733618270770 0.811160882415674 4
1733618304251 0.740246043028429 5
1733618339052 0.6766433219623078 6
1733618374369 0.6066512531789062 7
1733618409724 0.5458542420278729 8
1733618445817 0.4879200027117034 9
1733618481638 0.42972936182070876 10
1733618515314 0.3732777319829482 11
1733618548485 0.3195327512367302 12
1733618582559 0.2756067378746579 13
1733618616559 0.22485784424083008 14
