1733752418845 1.2468394541892762 0
1733752530189 0.806909513740113 1
1733752644957 0.6105187276300912 2
1733752764116 0.4576480934699884 3
1733752877740 0.34467165505352876 4
1733752992348 0.14605687633632852 5
1733753113440 0.05855510447519465 6
1733753233772 0.04700926997320959 7
1733753359836 0.054178303891656024 8
1733753486605 0.05020856387919178 9
1733753610343 0.018585024854189124 10
1733753737221 0.007801784638549014 11
1733753865623 0.006663794406022454 12
1733753993209 0.005944572969993647 13
1733754124445 0.005935450532641366 14
