1733752418847 0.5520792594008707 0
1733752530191 0.7166303131896967 1
1733752644959 0.786976225023292 2
1733752764118 0.8400985188677113 3
1733752877742 0.8807647774316699 4
1733752992350 0.9498835390078472 5
1733753113443 0.9799922906912952 6
1733753233773 0.9841469487125378 7
1733753359837 0.9814746112485451 8
1733753486607 0.9827724863222573 9
1733753610346 0.9939985574430222 10
1733753737224 0.9977499282386145 11
1733753865626 0.9979500807579692 12
1733753993212 0.9982249539399416 13
1733754124447 0.9981249873852064 14
