1734102101522 1.5739009875459031 0
1734102354547 1.0586098489669946 1
1734102607733 0.8456223881282745 2
1734102861518 0.7161503786477037 3
1734103113859 0.624231208341952 4
1734103367247 0.5421925800296065 5
1734103621068 0.462864689124278 6
1734103874379 0.4157593885835367 7
1734104127505 0.3619549514386601 8
1734104381659 0.31344703273080027 9
1734104640232 0.27808068257075147 10
1734104911062 0.24211670236941724 11
1734105178216 0.20885286465906105 12
1734105446791 0.18944445092933246 13
1734105705713 0.16443534096637472 14
