1734102101524 0.4183755317049986 0
1734102354549 0.61973128615243 1
1734102607735 0.6984857039375789 2
1734102861520 0.7451649814701425 3
1734103113861 0.7783988174422565 4
1734103367249 0.8070819403131718 5
1734103621069 0.837252068661141 6
1734103874380 0.8513032460654889 7
1734104127507 0.8724359039939267 8
1734104381661 0.8888177098866001 9
1734104640234 0.9004807747621529 10
1734104911065 0.9137069973859394 11
1734105178219 0.9271388007630772 12
1734105446792 0.933186112632719 13
1734105705715 0.9416168837620292 14
