1733699040450 0.9365930212096284 0
1733699276237 0.2936194405292931 1
1733699512537 0.1927299534741301 2
1733699748138 0.15491246388028987 3
1733699984517 0.13202970520185586 4
1733700219683 0.11357687360133988 5
1733700455125 0.10069470602673844 6
1733700691258 0.07565992020260982 7
1733700929967 0.08244345437723417 8
1733701165583 0.07123761278645585 9
1733701401891 0.06289811942654962 10
1733701638353 0.06855731022457917 11
1733701874241 0.0584488416212602 12
1733702110044 0.059264742807982065 13
1733702345168 0.053460715392146245 14
