1733770363496 0.44349654622950385 0
1733770389638 0.6138675217373895 1
1733770415820 0.6863638163268596 2
1733770442071 0.7298488277562322 3
1733770468351 0.7636846194131726 4
1733770494696 0.8098419534148086 5
1733770521569 0.8279725439840496 6
1733770548197 0.83905316444083 7
1733770574683 0.8541916850137673 8
1733770601282 0.863589859601218 9
1733770627613 0.8883881284132369 10
1733770653908 0.8958980386402158 11
1733770680858 0.9052410445993997 12
1733770709377 0.9101490314459153 13
1733770736933 0.916519822951917 14
