1733770363494 1.4964029971783914 0
1733770389636 1.0809089609990106 1
1733770415819 0.8944665690580496 2
1733770442069 0.7714395584008945 3
1733770468349 0.6857410045667959 4
1733770494694 0.5489856843559887 5
1733770521567 0.5006360916283946 6
1733770548195 0.4655917795321431 7
1733770574681 0.42339721641030176 8
1733770601280 0.3922644655068461 9
1733770627611 0.3265685505284288 10
1733770653905 0.2998031413498016 11
1733770680857 0.2724804821581886 12
1733770709375 0.25637276672993226 13
1733770736932 0.23869351956981438 14
