1733849614748 0.7478872328726659 0
1733849872372 0.8904502516759043 1
1733850129512 0.9154653293742713 2
1733850386544 0.927573934483611 3
1733850643221 0.9380867010265423 4
1733850901115 0.9455944532564475 5
1733851159496 0.9536337803909002 6
1733851417925 0.955441935678649 7
1733851675365 0.9604793081165015 8
1733851931868 0.9655575936637911 9
1733852187130 0.9662830402663051 10
1733852442877 0.9698282200191383 11
1733852698423 0.9701817676158231 12
1733852956245 0.9718791768253368 13
1733853212253 0.9755478985903188 14
