1733849614745 0.7121388538360596 0
1733849872370 0.3235841188311577 1
1733850129510 0.2446382242500782 2
1733850386542 0.20577573047280312 3
1733850643219 0.1786805187612772 4
1733850901114 0.1564978603705764 5
1733851159494 0.1349010757923126 6
1733851417924 0.12897750971466304 7
1733851675362 0.11358948841392993 8
1733851931866 0.09803359091803432 9
1733852187129 0.09918056018427014 10
1733852442874 0.08721991845518351 11
1733852698422 0.08675747898854315 12
1733852956242 0.07998167573511601 13
1733853212251 0.07060354147814214 14
