1733695564349 1.5145178399086 0
1733695794733 1.0213831846237182 1
1733696025646 0.8336325065612793 2
1733696255908 0.7202350599765778 3
1733696486012 0.6400069092273712 4
1733696716388 0.5718135145187377 5
1733696946865 0.5114180362939834 6
1733697178853 0.4615525723695755 7
1733697410440 0.408142591547966 8
1733697641879 0.3639970071077347 9
1733697873465 0.3287809087395668 10
1733698106025 0.2841886187314987 11
1733698337609 0.25244216406345366 12
1733698568940 0.23056042636036872 13
1733698801518 0.2034433758318424 14
