1733628034418 0.4975637103682776 0
1733628074490 0.6266819380854414 1
1733628114502 0.6873142233961596 2
1733628155681 0.7251632034240058 3
1733628194725 0.7558951677304423 4
1733628234336 0.7877436774640288 5
1733628275739 0.8171269689511692 6
1733628316980 0.8469554784572179 7
1733628355399 0.8756401369548406 8
1733628396502 0.9039587299665501 9
1733628437202 0.9273778987753464 10
1733628478862 0.947911950125746 11
1733628519597 0.9612672170710884 12
1733628560296 0.9713090008589635 13
1733628602173 0.9796802104206886 14
