1733628034418 1.3956562154128422 0
1733628074490 1.043653019248982 1
1733628114502 0.88742883400539 2
1733628155681 0.7833602698638921 3
1733628194725 0.6918077251261763 4
1733628234336 0.6051158388252453 5
1733628275739 0.5228910897203418 6
1733628316980 0.4383831576579977 7
1733628355399 0.3592519885038628 8
1733628396502 0.28771551548863006 9
1733628437202 0.22340360655904273 10
1733628478862 0.16601947598311756 11
1733628519597 0.1257443538869319 12
1733628560296 0.0954515030988685 13
1733628602173 0.07010781036003891 14
