1733620819268 0.4985697168182423 0
1733620854780 0.6414820464147477 1
1733620889474 0.7016594274891187 2
1733620923330 0.7431881181393315 3
1733620957873 0.7775431001608186 4
1733620992297 0.8152047731710919 5
1733621027107 0.8460393890792722 6
1733621063035 0.8828879244423359 7
1733621098515 0.9109403873714736 8
1733621133360 0.9342675251731011 9
1733621168208 0.9559532933120185 10
1733621203819 0.968693335017524 11
1733621239147 0.979739612184087 12
1733621272554 0.9796768633271304 13
1733621308557 0.9789382648370921 14
