1733620819268 1.3832582424363822 0
1733620854780 1.0119055730607502 1
1733620889474 0.8449868033914005 2
1733620923330 0.7281237749187538 3
1733620957873 0.6325369611420595 4
1733620992297 0.5298717057765903 5
1733621027107 0.43898677909770584 6
1733621063035 0.341240685842836 7
1733621098515 0.26445905936648473 8
1733621133360 0.19794915999521684 9
1733621168208 0.13872358664069945 10
1733621203819 0.10076559333087844 11
1733621239147 0.06961230918422075 12
1733621272554 0.06555360272679182 13
1733621308557 0.06488025251328183 14
