1733699074906 0.8196839686155319 0
1733699305466 0.34200123708248137 1
1733699536620 0.261430198764801 2
1733699768274 0.21401229272484779 3
1733700000662 0.17987483055591583 4
1733700233530 0.1537552316814661 5
1733700466642 0.13775540462583302 6
1733700699146 0.12127877628654242 7
1733700931520 0.11081020264625549 8
1733701161577 0.10777644588649272 9
1733701393699 0.09539935230910777 10
1733701624822 0.09067263847962022 11
1733701856581 0.08129136085100472 12
1733702088906 0.0783912395209074 13
1733702321052 0.07290186381340027 14
