1733850345416 0.5356833702935198 0
1733850619085 0.2341004306563554 1
1733850896994 0.17511895905954009 2
1733851181551 0.14115239198977192 3
1733851465360 0.12250776262805103 4
1733851743939 0.1050891823227556 5
1733852028395 0.09098185283450273 6
1733852312694 0.08726180580477365 7
1733852596735 0.07647618888237606 8
1733852880493 0.07337263894502442 9
1733853164326 0.060821061146061735 10
1733853444839 0.06688468688027785 11
1733853716434 0.06400748468881931 12
1733854002748 0.0523357184948965 13
1733854292171 0.055948620058072454 14
